2
7
13
7
14
2
4
47
10
2
1
1
16
9
15
2
2
7
44
9
13
1
20
8
4
10
1
4
17
17
15
4
3
12
4
27
59
19
24
4
2
12
3
11
7
5
11
1
2
6
14
1
5
9
10
3
5
1
11
11
2
6
18
11
7
1
1
19
14
12
6
1
13
4
27
6
10
6
2
2
1
12
10
5
6
1
7
12
1
23
48
11
1
4
1
6
1
3
5
5
4
7
4
13
1
20
2
7
2
7
18
8
10
1
23
2
2
8
9
1
7
3
5
4
20
4
3
34
8
9
11
1
4
2
6
8
25
2
10
3
4
9
19
20
6
4
2
1
16
4
11
9
3
16
1
3
5
5
2
6
3
38
22
8
16
15
4
36
4
13
16
35
21
5
25
18
7
14
1
2
3
8
2
26
9
1
43
6
6
12
13
1
15
7
3
12
5
20
3
8
6
8
1
3
3
4
5
24
1
11
5
6
11
50
16
2
14
1
3
5
4
1
10
15
3
6
5
11
8
8
1
18
7
3
3
6
24
2
3
12
18
6
19
2
28
18
2
3
1
1
16
2
25
1
2
22
3
7
2
1
4
7
2
9
2
6
3
45
2
4
3
33
3
27
3
7
9
30
4
4
6
4
3
3
12
4
10
10
15
3
9
11
3
5
1
18
23
14
11
19
4
11
1
7
3
1
6
12
3
11
21
48
20
48
2
26
9
10
20
1
5
11
4
2
8
16
6
8
4
6
6
20
1
8
4
6
5
3
19
1
10
7
8
3
4
7
16
1
4
4
11
12
12
4
16
1
8
5
8
2
14
9
13
14
43
2
6
5
6
14
7
8
11
3
16
20
5
15
13
1
6
13
40
3
1
9
2
5
10
3
6
2
6
3
8
51
2
9
3
9
5
6
18
13
15
11
7
6
8
6
30
30
1
2
6
31
2
9
12
1
11
2
24
12
5
3
2
5
19
2
4
19
2
2
19
7
16
16
8
5
1
3
6
4
6
2
1
3
25
5
10
18
34
11
13
3
10
16
2
28
2
2
4
36
19
18
4
9
16
4
7
1
38
1
1
4
7
36
1
5
11
4
17
54
1
1
7
15
5
10
4
10
19
14
30
20
5
11
15
17
5
46
5
4
1
5
4
14
11
3
6
6
8
15
4
5
11
1
5
1
26
10
2
2
8
16
20
6
4
14
5
28
14
30
23
19
5
5
6
1
1
10
16
60
8
1
34
20
9
13
13
1
1
8
1
20
18
9
11
2
14
4
5
9
10
15
7
11
1
12
10
21
1
5
2
8
8
19
17
8
6
10
5
16
9
23
4
7
1
5
10
31
28
22
4
9
3
6
12
12
19
3
1
12
8
8
3
6
16
5
32
37
10
5
4
14
7
6
14
4
11
9
2
1
5
1
4
7
3
4
3
7
6
2
12
6
26
1
18
1
1
1
4
49
9
1
3
2
9
8
23
2
1
4
12
10
16
12
3
30
19
49
7
2
28
5
14
2
7
8
11
28
4
21
3
7
4
23
1
26
11
8
4
5
26
18
31
12
2
4
12
3
9
1
5
8
12
3
17
13
1
4
18
4
3
10
20
8
2
5
11
22
27
33
9
14
32
21
5
21
25
5
2
2
14
1
6
9
4
6
29
31
4
21
3
9
2
1
10
11
12
12
15
53
1
9
11
1
34
1
28
19
14
17
5
3
13
7
8
5
7
8
8
1
2
3
7
16
40
13
11
5
13
11
26
1
9
9
14
4
41
16
10
1
5
7
3
4
5
27
1
13
3
1
5
8
3
8
1
10
11
16
12
11
34
3
5
14
7
12
5
1
12
14
5
14
3
23
5
25
7
2
3
25
7
5
4
25
7
3
13
5
9
19
1
14
4
11
5
1
13
13
17
1
11
9
12
15
32
9
2
19
5
3
9
12
31
3
3
1
23
3
4
18
3
3
3
5
22
14
1
4
11
8
18
5
4
32
3
5
9
1
3
43
3
2
25
2
3
8
14
5
5
1
4
13
6
13
18
8
7
9
1
24
2
13
10
36
15
8
5
9
42
7
3
15
3
7
4
7
24
1
14
3
6
1
17
1
34
11
21
2
4
3
2
10
7
4
23
8
38
15
6
6
11
9
1
4
1
11
9
2
28
17
12
2
6
1
7
1
3
15
31
5
11
5
5
35
4
2
50
2
3
12
5
1
6
2
11
1
3
1
3
16
4
23
3
24
9
18
7
3
13
28
3
12
13
10
14
2
